data: Version "Locarno 3.0"
BuildNumber 3002
Product bumblebee
SerialNumber 11304136
PartID BB2-03S2C-60
SensorResolution 640 480
Date 01-Nov-2011 09:13:49
Debug off

Resolution 240 320
LowPass on
Rectify on
EdgeCorrelation on
DoStereo on
EdgeMaskSize 7
StereoMaskSize 11

Disparity 0 64
DisparityMappingOn off
DisparityMapping 0 64
TextureValidation on
TextureValidationThreshold 0.2
TextureValidationMapping 255
UniqueValidation off
UniqueValidationThreshold 0.8
UniqueValidationMapping 254
SubPixelInterpolate off
StrictSubpixelValidation off
SurfaceValidation on
SurfaceValidationMapping 253
SurfaceValidationDifference 1
SurfaceValidationSize 200

CameraConfiguration 2CameraHorizontal
FocalLength 1.27597 1.70129 
ImageCenter 0.503346 0.500999
BaseLine 0.119988 

ShearAngle 90 
SkewingMatrix 1 -4.81482e-35 0 0 0 1 0 0 0 0 1 0 0 0 0 1 
UnskewingMatrix 1 4.81482e-35 0 0 0 1 0 0 -0 -0 1 0 0 0 0 1 
BeginCamera
  Id 0
  Channel red
  Position 0 0 0
  Gain 1
  Warp 0 1
  IWarp 6 7
EndCamera

BeginCamera
  Id 1
  Channel green
  Position -1 0 0
  Gain 1
  Warp 2 3
  IWarp 8 9
EndCamera

BeginWarp
  Id 0
  NumberKnots 11
  KnotsX 0 0 0 0 0.25 0.5 0.75 1 1 1 1
  KnotsY 0 0 0 0 0.25 0.5 0.75 1 1 1 1
  NumberCoefs 7 7
  Coefs
  0.0215194 0.0161166 0.00721374 0.00143587 0.00399404 0.0108626
  0.0152978 0.0903956 0.0854797 0.0773473 0.0719581 0.0740691
  0.0801343 0.0840688 0.24021 0.236733 0.230943 0.226796
  0.227575 0.231246 0.233721 0.487899 0.487407 0.486359
  0.484674 0.482969 0.481884 0.481367 0.735701 0.738217
  0.741962 0.742805 0.738665 0.732843 0.729341 0.885673
  0.889663 0.89583 0.898034 0.89266 0.884486 0.879539
  0.954623 0.959118 0.966097 0.968757 0.962997 0.95405
  0.948615 
EndWarp

BeginWarp
  Id 1
  NumberKnots 10
  KnotsX 0 0 0 0 0.333333 0.666667 1 1 1 1
  KnotsY 0 0 0 0 0.333333 0.666667 1 1 1 1
  NumberCoefs 6 6
  Coefs
  0.0304629 0.127269 0.33391 0.658811 0.865805 0.962846
  0.019728 0.118556 0.330393 0.664434 0.876605 0.975656
  0.00342926 0.105569 0.32579 0.673881 0.894349 0.996658
  0.00701487 0.109279 0.329745 0.678111 0.898637 1.00094
  0.0277667 0.12685 0.339187 0.673765 0.886046 0.985086
  0.0405143 0.137623 0.344848 0.670369 0.877497 0.974534

EndWarp

BeginWarp
  Id 2
  NumberKnots 11
  KnotsX 0 0 0 0 0.25 0.5 0.75 1 1 1 1
  KnotsY 0 0 0 0 0.25 0.5 0.75 1 1 1 1
  NumberCoefs 7 7
  Coefs
  0.0412701 0.0365122 0.0289333 0.0251353 0.029559 0.037539
  0.0424902 0.109285 0.105013 0.0982093 0.0948301 0.098856
  0.106072 0.110543 0.25717 0.25432 0.249842 0.247741
  0.250532 0.255448 0.258507 0.501665 0.501743 0.501925
  0.50227 0.502669 0.502956 0.5031 0.746493 0.749506
  0.754355 0.75714 0.755128 0.750764 0.747979 0.894944
  0.899393 0.906585 0.91064 0.907355 0.900645 0.896424
  0.963268 0.968208 0.976184 0.980654 0.976947 0.96945
  0.964736 
EndWarp

BeginWarp
  Id 3
  NumberKnots 10
  KnotsX 0 0 0 0 0.333333 0.666667 1 1 1 1
  KnotsY 0 0 0 0 0.333333 0.666667 1 1 1 1
  NumberCoefs 6 6
  Coefs
  0.0301464 0.125974 0.330336 0.651283 0.855695 0.951551
  0.0183844 0.116182 0.325614 0.655497 0.864993 0.962829
  -0.000383575 0.100617 0.31818 0.661796 0.879458 0.98052
  -0.00155049 0.0994896 0.317168 0.661009 0.878827 0.979958
  0.0158519 0.113727 0.323387 0.653739 0.863549 0.961521
  0.0270474 0.122965 0.327591 0.649081 0.853855 0.949869

EndWarp

BeginWarp
  Id 6
  NumberKnots 11
  KnotsX 0 0 0 0 0.25 0.5 0.75 1 1 1 1
  KnotsY 0 0 0 0 0.25 0.5 0.75 1 1 1 1
  NumberCoefs 7 7
  Coefs
  -0.029487 -0.0209143 -0.0085721 -0.00155294 -0.00492131 -0.0146518
  -0.0218203 0.07461 0.0813097 0.0909673 0.0966562 0.0944747
  0.0873183 0.0819603 0.260171 0.263894 0.269342 0.272977
  0.272648 0.269542 0.267069 0.511958 0.51234 0.513166
  0.514615 0.516327 0.517724 0.51852 0.764965 0.761962
  0.758104 0.757364 0.761217 0.767256 0.771414 0.953529
  0.947472 0.939296 0.936512 0.942426 0.952801 0.960024
  1.06005 1.05208 1.04116 1.03707 1.04431 1.05745
  1.0666 
EndWarp

BeginWarp
  Id 7
  NumberKnots 10
  KnotsX 0 0 0 0 0.333333 0.666667 1 1 1 1
  KnotsY 0 0 0 0 0.333333 0.666667 1 1 1 1
  NumberCoefs 6 6
  Coefs
  -0.0387109 0.0925859 0.333128 0.674485 0.914832 1.04594
  -0.0213799 0.104871 0.337087 0.667701 0.899673 1.02569
  -0.00320753 0.11729 0.340311 0.65941 0.882112 1.00231
  -0.00804695 0.112814 0.336357 0.655969 0.87904 0.999475
  -0.0336889 0.0935452 0.327253 0.659431 0.892461 1.01911
  -0.0555814 0.0771029 0.31981 0.663512 0.905394 1.03737

EndWarp

BeginWarp
  Id 8
  NumberKnots 11
  KnotsX 0 0 0 0 0.25 0.5 0.75 1 1 1 1
  KnotsY 0 0 0 0 0.25 0.5 0.75 1 1 1 1
  NumberCoefs 7 7
  Coefs
  -0.0547605 -0.0465 -0.0350425 -0.030178 -0.0366861 -0.0493777
  -0.0583264 0.0526122 0.0589555 0.0676886 0.0713195 0.0662714
  0.0564742 0.0495373 0.242745 0.246044 0.250507 0.252224
  0.249436 0.244178 0.240438 0.498333 0.498264 0.498101
  0.497782 0.497381 0.497036 0.496835 0.75337 0.749952
  0.745191 0.742843 0.744796 0.749316 0.752623 0.942167
  0.935744 0.926768 0.922516 0.926662 0.935621 0.94206
  1.04846 1.04015 1.02848 1.023 1.02856 1.04034
  1.04875 
EndWarp

BeginWarp
  Id 9
  NumberKnots 10
  KnotsX 0 0 0 0 0.333333 0.666667 1 1 1 1
  KnotsY 0 0 0 0 0.333333 0.666667 1 1 1 1
  NumberCoefs 6 6
  Coefs
  -0.042568 0.0909754 0.335648 0.683559 0.929757 1.06464
  -0.0223021 0.105799 0.341477 0.677718 0.914795 1.04414
  0.000606241 0.122409 0.34802 0.671605 0.898448 1.02137
  0.00198093 0.123624 0.348987 0.672284 0.898908 1.0217
  -0.0187653 0.108905 0.343898 0.679321 0.915799 1.04479
  -0.0376757 0.095257 0.338944 0.68566 0.930999 1.06538

EndWarp


---

