197338.64 7563731.00
197317.58 7563683.00
197302.02 7563646.50
197274.77 7563583.50
197261.33 7563553.00
197258.52 7563544.50
197259.09 7563536.00
197262.41 7563532.00
197269.70 7563529.50
197277.41 7563532.50
197283.72 7563541.50
197300.55 7563580.00
197319.75 7563624.50
197339.20 7563670.50
197357.94 7563713.50
197376.97 7563757.50
197383.27 7563772.00
197388.20 7563781.00
197395.94 7563789.00
197401.67 7563799.50
197400.89 7563809.50
197394.72 7563817.50
197385.14 7563821.50
197372.73 7563819.00
197365.58 7563811.00
197360.55 7563784.00
197354.78 7563769.00
197352.20 7563763.00
