197338.19 7563730.50
197319.62 7563688.00
197299.09 7563640.00
197280.50 7563597.00
197266.34 7563564.50
197258.67 7563544.50
197259.84 7563537.50
197264.67 7563532.00
197275.50 7563533.50
197280.78 7563538.50
197293.45 7563566.00
197311.75 7563609.00
197343.36 7563683.50
197368.91 7563742.50
197380.42 7563769.00
197389.72 7563785.50
197396.50 7563792.00
197401.28 7563803.50
197398.64 7563814.50
197381.89 7563823.50
197371.31 7563819.50
197365.08 7563809.00
197363.45 7563794.50
197356.86 7563776.00
197353.27 7563767.50
