16
1000 0 0 0
0 1000 0 0
0 0 1000 0
0 0 0 1000
900 0 0 0
0 900 0 0
0 0 900 0
0 0 0 900
800 0 0 0
0 800 0 0
0 0 800 0
0 0 0 800
700 0 0 0
0 700 0 0
0 0 700 0
0 0 0 700
0
0

16
0 0 800 0
0 0 0 700
0 1000 0 0
0 0 1000 0
700 0 0 0
0 0 0 1000
900 0 0 0
1000 0 0 0
0 0 900 0
0 0 0 900
0 800 0 0
0 0 0 800
800 0 0 0
0 700 0 0
0 900 0 0
0 0 700 0
0
0

21
-1000 -1000 -1000 -1000
-900 -900 -900 -900
-800 -800 -800 -800
-700 -700 -700 -700
-600 -600 -600 -600
-500 -500 -500 -500
-400 -400 -400 -400
-300 -300 -300 -300
-200 -200 -200 -200
-100 -100 -100 -100
0 0 0 0
100 100 100 100
200 200 200 200
300 300 300 300
400 400 400 400
500 500 500 500
600 600 600 600
700 700 700 700
800 800 800 800
900 900 900 900
1000 1000 1000 1000
0
0

21
-1000 -1000 -1000 -1000
-900 -900 -900 -900
-800 -800 -800 -800
-700 -700 -700 -700
-600 -600 -600 -600
-500 -500 -500 -500
-400 -400 -400 -400
-300 -300 -300 -300
-200 -200 -200 -200
-100 -100 -100 -100
0 0 0 0
100 100 100 100
200 200 200 200
300 300 300 300
400 400 400 400
500 500 500 500
600 600 600 600
700 700 700 700
800 800 800 800
900 900 900 900
1000 1000 1000 1000
10
1 21
2 20
3 19
4 18
5 17
6 16
7 15
8 14
9 13
10 12
0

21
-1000 -1000 -1000 -1000
-900 -900 -900 -900
-800 -800 -800 -800
-700 -700 -700 -700
-600 -600 -600 -600
-500 -500 -500 -500
-400 -400 -400 -400
-300 -300 -300 -300
-200 -200 -200 -200
-100 -100 -100 -100
0 0 0 0
100 100 100 100
200 200 200 200
300 300 300 300
400 400 400 400
500 500 500 500
600 600 600 600
700 700 700 700
800 800 800 800
900 900 900 900
1000 1000 1000 1000
18
1 2
21 20
2 3
20 19
3 4
19 18
4 5
18 17
5 6
17 16
6 7
16 15
7 8
15 14
8 9
14 13
9 10
13 12
0

5
0 0 0 1
0 0 0 2
0 0 0 3
0 0 0 4
0 0 0 5
0
0

5
0 0 0 1
0 0 0 2
0 0 0 3
0 0 0 4
0 0 0 5
0
1
4 5

4
0 0 0 0
1 0 0 0
0 1 0 0
0 0 1 0
1
2 3
0

4
0 0 0 0
1 0 0 0
0 1 0 0
0 0 1 0
1
3 2
0

4
0 0 0 0
1 0 0 0
0 1 0 0
0 0 1 0
1
3 2
1
1 4

4
0 0 0 0
1 0 0 0
0 1 0 0
0 0 1 0
0
1
1 4

3
0 0 0 0
1000 1000 1000 1000
-1000 -1000 -1000 -1000
0
0

15
0 0 0 0
1000 1000 1000 1000
-1000 -1000 -1000 -1000
0 0 0 0
1000 1000 1000 1000
-1000 -1000 -1000 -1000
0 0 0 0
1000 1000 1000 1000
-1000 -1000 -1000 -1000
0 0 0 0
1000 1000 1000 1000
-1000 -1000 -1000 -1000
0 0 0 0
1000 1000 1000 1000
-1000 -1000 -1000 -1000
0
0

1
0 0 0 0
0
0

4
0 0 0 0
1 0 0 0
0 1 0 0
0 0 1 0
1
2 3
0

8
12 99 2 2
27 86 0 0
31 79 0 0
36 74 0 0
41 79 0 0
37 74 0 0
44 83 0 0
50 83 0 0
0
0

2
0 0 0 0
1 0 0 0
0
0

5
0 0 0 0
1 0 0 0
0 1 0 0
0 0 1 0
0 0 0 1
0
0

4
100 0 0 10
0 0 0 0
0 200 0 30
0 0 300 0
0
0

4
0 0 0 0
1 0 0 0
0 1 0 0
0 0 1 0
1
2 3
0

4
0 0 0 0
1 0 0 0
0 1 0 0
0 0 1 0
1
3 2
0

4
0 0 0 0
1 0 0 0
0 1 0 0
0 0 1 0
1
3 2
1
1 4

4
0 0 0 0
1 0 0 0
0 1 0 0
0 0 1 0
0
1
1 4


4
100 0 0 10
0 0 0 0
0 200 0 30
0 0 300 0
0
1
1 2

8
12 99 2 2
27 86 0 0
31 79 0 0
36 74 0 0
41 79 0 0
37 74 0 0
44 83 0 0
50 83 0 0
0
0

4
0 0 0 0
1 0 0 0
0 1 0 0
0 0 1 0
0
6
1 2
1 3
1 4
2 3
2 4
3 4

100
0 0 0 0
1 1 1 1
2 2 2 2
3 3 3 3
4 4 4 4
5 5 5 5
6 6 6 6
7 7 7 7
8 8 8 8
9 9 9 9
10 10 10 10
11 11 11 11
12 12 12 12
13 13 13 13
14 14 14 14
15 15 15 15
16 16 16 16
17 17 17 17
18 18 18 18
19 19 19 19
20 20 20 20
21 21 21 21
22 22 22 22
23 23 23 23
24 24 24 24
25 25 25 25
26 26 26 26
27 27 27 27
28 28 28 28
29 29 29 29
30 30 30 30
31 31 31 31
32 32 32 32
33 33 33 33
34 34 34 34
35 35 35 35
36 36 36 36
37 37 37 37
38 38 38 38
39 39 39 39
40 40 40 40
41 41 41 41
42 42 42 42
43 43 43 43
44 44 44 44
45 45 45 45
46 46 46 46
47 47 47 47
48 48 48 48
49 49 49 49
50 50 50 50
51 51 51 51
52 52 52 52
53 53 53 53
54 54 54 54
55 55 55 55
56 56 56 56
57 57 57 57
58 58 58 58
59 59 59 59
60 60 60 60
61 61 61 61
62 62 62 62
63 63 63 63
64 64 64 64
65 65 65 65
66 66 66 66
67 67 67 67
68 68 68 68
69 69 69 69
70 70 70 70
71 71 71 71
72 72 72 72
73 73 73 73
74 74 74 74
75 75 75 75
76 76 76 76
77 77 77 77
78 78 78 78
79 79 79 79
80 80 80 80
81 81 81 81
82 82 82 82
83 83 83 83
84 84 84 84
85 85 85 85
86 86 86 86
87 87 87 87
88 88 88 88
89 89 89 89
90 90 90 90
91 91 91 91
92 92 92 92
93 93 93 93
94 94 94 94
95 95 95 95
96 96 96 96
97 97 97 97
98 98 98 98
99 99 99 99
0
0

4
0 0 0 0
1 0 0 0
0 1 0 0
0 0 1 0
0
2
2 3
3 1

4
100 0 0 10
0 0 0 0
0 200 0 30
0 0 300 0
0
1
1 2

8
12 99 2 2
27 86 0 0
31 79 0 0
36 74 0 0
41 79 0 0
37 74 0 0
44 83 0 0
50 83 0 0
0
0

8
12 99 2 2
27 86 0 0
31 79 0 0
36 74 0 0
41 79 0 0
37 74 0 0
44 83 0 0
50 83 0 0
0
6
2 3
2 4
2 5
2 6
2 7
2 8

4
0 0 0 0
1 0 0 0
0 1 0 0
0 0 1 0
0
6
1 2
1 3
1 4
2 3
2 4
3 4

8
12 99 2 2
27 86 0 0
31 79 0 0
36 74 0 0
41 79 0 0
37 74 0 0
44 83 0 0
50 83 0 0
0
0

4
0 0 0 0
1 0 0 0
0 1 0 0
0 0 1 0
6
1 2
1 3
1 4
2 3
2 4
3 4
6
1 2
1 3
1 4
2 3
2 4
3 4

4
0 0 0 0
1 0 0 0
0 1 0 0
0 0 1 0
6
1 2
1 3
1 4
2 3
2 4
3 4
0

4
0 0 0 0
1 0 0 0
0 1 0 0
0 0 1 0
0
6
1 2
1 3
1 4
2 3
2 4
3 4

4
0 0 0 0
1 0 0 0
0 1 0 0
0 0 1 0
1
3 2
0

2
0 0 0 0
1 0 0 0
0
0

5
0 0 0 0
1 0 0 0
0 1 0 0
0 0 1 0
0 0 0 1
0
0

4
100 0 0 10
0 0 0 0
0 200 0 30
0 0 300 0
0
0

4
0 0 0 0
1 0 0 0
0 1 0 0
0 0 1 0
1
2 3
0

4
0 0 0 0
1 0 0 0
0 1 0 0
0 0 1 0
1
3 2
0

4
0 0 0 0
1 0 0 0
0 1 0 0
0 0 1 0
1
3 2
1
1 4

4
0 0 0 0
1 0 0 0
0 1 0 0
0 0 1 0
0
1
1 4


4
100 0 0 10
0 0 0 0
0 200 0 30
0 0 300 0
0
1
1 2

100
0 0 0 0
1 1 1 1
2 2 2 2
3 3 3 3
4 4 4 4
5 5 5 5
6 6 6 6
7 7 7 7
8 8 8 8
9 9 9 9
10 10 10 10
11 11 11 11
12 12 12 12
13 13 13 13
14 14 14 14
15 15 15 15
16 16 16 16
17 17 17 17
18 18 18 18
19 19 19 19
20 20 20 20
21 21 21 21
22 22 22 22
23 23 23 23
24 24 24 24
25 25 25 25
26 26 26 26
27 27 27 27
28 28 28 28
29 29 29 29
30 30 30 30
31 31 31 31
32 32 32 32
33 33 33 33
34 34 34 34
35 35 35 35
36 36 36 36
37 37 37 37
38 38 38 38
39 39 39 39
40 40 40 40
41 41 41 41
42 42 42 42
43 43 43 43
44 44 44 44
45 45 45 45
46 46 46 46
47 47 47 47
48 48 48 48
49 49 49 49
50 50 50 50
51 51 51 51
52 52 52 52
53 53 53 53
54 54 54 54
55 55 55 55
56 56 56 56
57 57 57 57
58 58 58 58
59 59 59 59
60 60 60 60
61 61 61 61
62 62 62 62
63 63 63 63
64 64 64 64
65 65 65 65
66 66 66 66
67 67 67 67
68 68 68 68
69 69 69 69
70 70 70 70
71 71 71 71
72 72 72 72
73 73 73 73
74 74 74 74
75 75 75 75
76 76 76 76
77 77 77 77
78 78 78 78
79 79 79 79
80 80 80 80
81 81 81 81
82 82 82 82
83 83 83 83
84 84 84 84
85 85 85 85
86 86 86 86
87 87 87 87
88 88 88 88
89 89 89 89
90 90 90 90
91 91 91 91
92 92 92 92
93 93 93 93
94 94 94 94
95 95 95 95
96 96 96 96
97 97 97 97
98 98 98 98
99 99 99 99
99
1 2
1 3
1 4
1 5
1 6
1 7
1 8
1 9
1 10
1 11
1 12
1 13
1 14
1 15
1 16
1 17
1 18
1 19
1 20
1 21
1 22
1 23
1 24
1 25
1 26
1 27
1 28
1 29
1 30
1 31
1 32
1 33
1 34
1 35
1 36
1 37
1 38
1 39
1 40
1 41
1 42
1 43
1 44
1 45
1 46
1 47
1 48
1 49
1 50
1 51
1 52
1 53
1 54
1 55
1 56
1 57
1 58
1 59
1 60
1 61
1 62
1 63
1 64
1 65
1 66
1 67
1 68
1 69
1 70
1 71
1 72
1 73
1 74
1 75
1 76
1 77
1 78
1 79
1 80
1 81
1 82
1 83
1 84
1 85
1 86
1 87
1 88
1 89
1 90
1 91
1 92
1 93
1 94
1 95
1 96
1 97
1 98
1 99
1 100
0

100
0 0 0 0
1 1 1 1
2 2 2 2
3 3 3 3
4 4 4 4
5 5 5 5
6 6 6 6
7 7 7 7
8 8 8 8
9 9 9 9
10 10 10 10
11 11 11 11
12 12 12 12
13 13 13 13
14 14 14 14
15 15 15 15
16 16 16 16
17 17 17 17
18 18 18 18
19 19 19 19
20 20 20 20
21 21 21 21
22 22 22 22
23 23 23 23
24 24 24 24
25 25 25 25
26 26 26 26
27 27 27 27
28 28 28 28
29 29 29 29
30 30 30 30
31 31 31 31
32 32 32 32
33 33 33 33
34 34 34 34
35 35 35 35
36 36 36 36
37 37 37 37
38 38 38 38
39 39 39 39
40 40 40 40
41 41 41 41
42 42 42 42
43 43 43 43
44 44 44 44
45 45 45 45
46 46 46 46
47 47 47 47
48 48 48 48
49 49 49 49
50 50 50 50
51 51 51 51
52 52 52 52
53 53 53 53
54 54 54 54
55 55 55 55
56 56 56 56
57 57 57 57
58 58 58 58
59 59 59 59
60 60 60 60
61 61 61 61
62 62 62 62
63 63 63 63
64 64 64 64
65 65 65 65
66 66 66 66
67 67 67 67
68 68 68 68
69 69 69 69
70 70 70 70
71 71 71 71
72 72 72 72
73 73 73 73
74 74 74 74
75 75 75 75
76 76 76 76
77 77 77 77
78 78 78 78
79 79 79 79
80 80 80 80
81 81 81 81
82 82 82 82
83 83 83 83
84 84 84 84
85 85 85 85
86 86 86 86
87 87 87 87
88 88 88 88
89 89 89 89
90 90 90 90
91 91 91 91
92 92 92 92
93 93 93 93
94 94 94 94
95 95 95 95
96 96 96 96
97 97 97 97
98 98 98 98
99 99 99 99
0
99
1 2
1 3
1 4
1 5
1 6
1 7
1 8
1 9
1 10
1 11
1 12
1 13
1 14
1 15
1 16
1 17
1 18
1 19
1 20
1 21
1 22
1 23
1 24
1 25
1 26
1 27
1 28
1 29
1 30
1 31
1 32
1 33
1 34
1 35
1 36
1 37
1 38
1 39
1 40
1 41
1 42
1 43
1 44
1 45
1 46
1 47
1 48
1 49
1 50
1 51
1 52
1 53
1 54
1 55
1 56
1 57
1 58
1 59
1 60
1 61
1 62
1 63
1 64
1 65
1 66
1 67
1 68
1 69
1 70
1 71
1 72
1 73
1 74
1 75
1 76
1 77
1 78
1 79
1 80
1 81
1 82
1 83
1 84
1 85
1 86
1 87
1 88
1 89
1 90
1 91
1 92
1 93
1 94
1 95
1 96
1 97
1 98
1 99
1 100

3
0 0 0 0
1000 1000 1000 1000
-1000 -1000 -1000 -1000
1
2 3
0

3
0 0 0 0
1000 1000 1000 1000
-1000 -1000 -1000 -1000
0
0

4
0 0 0 0
1 0 0 0
0 1 0 0
0 0 1 0
1
2 3
0

5
0 0 0 0
1 0 0 0
0 1 0 0
0 0 1 0
0 0 0 1
0
0

2
0 0 0 0
1 0 0 0
0
0

5
0 0 0 0
1 0 0 0
0 1 0 0
0 0 1 0
0 0 0 1
0
0

4
100 0 0 10
0 0 0 0
0 200 0 30
0 0 300 0
0
0

4
0 0 0 0
1 0 0 0
0 1 0 0
0 0 1 0
1
2 3
0

4
0 0 0 0
1 0 0 0
0 1 0 0
0 0 1 0
1
3 2
0

4
0 0 0 0
1 0 0 0
0 1 0 0
0 0 1 0
1
3 2
1
1 4

4
0 0 0 0
1 0 0 0
0 1 0 0
0 0 1 0
0
1
1 4


4
100 0 0 10
0 0 0 0
0 200 0 30
0 0 300 0
0
1
1 2

4
100 100 100 100
0 0 0 0
500 500 500 500
200 200 200 200
1
1 3
1
2 3

3
0 0 0 0
1 1 1 1
2 2 2 2
5
1 2
1 2
1 2
2 1
2 1
0

3
0 0 0 0
1 1 1 1
2 2 2 2
0
0

0